0 0.515625 0.408333 0.071875 0.125000
1 0.331711 0.427646 0.038047 0.123458
1 0.135922 0.325177 0.064813 0.128396
1 0.715094 0.332583 0.054625 0.123458
1 0.840969 0.371479 0.069531 0.107417
1 0.956250 0.379500 0.077875 0.096292
1 0.757641 0.596729 0.076938 0.089000
1 0.818750 0.620865 0.030656 0.114813
1 0.555828 0.648583 0.054625 0.121125
1 0.584531 0.581302 0.067594 0.095187
1 0.585461 0.456667 0.063891 0.102458
1 0.637781 0.472719 0.057406 0.092604
1 0.686805 0.473333 0.055641 0.103708
1 0.690094 0.595562 0.052781 0.106167
1 0.793797 0.494937 0.086125 0.055542
1 0.174352 0.532531 0.067578 0.081604
1 0.336078 0.590385 0.095156 0.078646
1 0.372078 0.682135 0.058250 0.126771
