1 0.603195 0.950594 0.064922 0.096729
0 0.958594 0.465625 0.082812 0.110417
1 0.778781 0.226937 0.098781 0.101917
1 0.879398 0.661010 0.087172 0.082562
1 0.299891 0.595219 0.069750 0.110937
1 0.678172 0.392698 0.079437 0.085146
1 0.646180 0.576156 0.074766 0.129229
1 0.694180 0.897063 0.076422 0.059333
1 0.392328 0.928031 0.093844 0.077396
1 0.484727 0.892552 0.085141 0.078687
1 0.020813 0.557813 0.041625 0.129000
1 0.808289 0.651979 0.088141 0.095458
1 0.727508 0.542333 0.058141 0.098042
1 0.898750 0.605542 0.071687 0.098042
