1 0.476016 0.286917 0.094813 0.059333
1 0.623023 0.452042 0.081359 0.100625
1 0.645766 0.627469 0.076531 0.098021
1 0.787977 0.650688 0.057172 0.100625
1 0.885203 0.614573 0.048469 0.074812
1 0.822859 0.514594 0.026125 0.047729
1 0.916219 0.200500 0.067719 0.100625
1 0.823289 0.782260 0.087172 0.085146
1 0.383586 0.393990 0.061047 0.095438
1 0.293609 0.164375 0.072656 0.129000
1 0.654469 0.525563 0.049437 0.074833
1 0.913266 0.694542 0.091031 0.061917
1 0.936969 0.615219 0.055250 0.101896
0 0.471094 0.514583 0.067187 0.050000
0 0.879687 0.537500 0.062500 0.079167
0 0.905469 0.346875 0.060937 0.177083
