1 0.375555 0.718990 0.080391 0.109771
1 0.019703 0.670625 0.039406 0.095583
1 0.241555 0.954656 0.060078 0.090687
1 0.772695 0.953823 0.079422 0.068354
1 0.770758 0.679000 0.067828 0.107208
1 0.577742 0.510021 0.107484 0.047875
1 0.464078 0.323688 0.094906 0.108375
1 0.868469 0.435917 0.077500 0.098042
1 0.824008 0.602313 0.081266 0.056750
1 0.819664 0.502990 0.033859 0.041271
1 0.904250 0.701052 0.046500 0.117479
1 0.934305 0.581031 0.071578 0.070938
1 0.435047 0.641656 0.029125 0.135437
1 0.394469 0.574583 0.067719 0.063208
0 0.935937 0.522917 0.065625 0.075000
1 0.402148 0.515823 0.062016 0.054312
1 0.222211 0.602250 0.079422 0.072375
0 0.317023 0.590708 0.063953 0.126417
