1 0.262000 0.166490 0.099500 0.106687
1 0.490727 0.501448 0.086109 0.046437
1 0.649875 0.547875 0.054188 0.100625
1 0.825422 0.674875 0.095875 0.065917
1 0.796922 0.573031 0.071594 0.086438
1 0.634344 0.798135 0.034938 0.116104
1 0.718078 0.582073 0.072563 0.076104
1 0.757695 0.663979 0.045578 0.100625
1 0.335930 0.480094 0.059016 0.086563
1 0.543453 0.575552 0.052250 0.073646
1 0.898508 0.491125 0.054172 0.118667
1 0.796930 0.735573 0.054172 0.107062
1 0.773711 0.887135 0.087078 0.059354
1 0.353344 0.802646 0.070625 0.122542
1 0.548789 0.939021 0.055734 0.102167
1 0.612367 0.668177 0.045078 0.104813
1 0.452797 0.598708 0.051125 0.089667
1 0.525055 0.654292 0.078609 0.069875
1 0.195484 0.596521 0.052469 0.120917
0 0.967969 0.654167 0.064062 0.137500
