0 0.868750 0.482292 0.112500 0.114583
1 0.170984 0.582812 0.060469 0.103208
1 0.418898 0.541969 0.041922 0.079562
1 0.379391 0.668271 0.064500 0.106417
1 0.757094 0.514010 0.039500 0.077396
1 0.913094 0.125552 0.084750 0.106813
1 0.299570 0.564469 0.064609 0.091063
0 0.470000 0.626667 0.066563 0.145000
1 0.936312 0.785740 0.052250 0.120729
1 0.441750 0.907250 0.091719 0.072750
1 0.563648 0.959437 0.075453 0.081125
1 0.545570 0.602010 0.043391 0.114479
0 0.853906 0.723958 0.060937 0.139583
0 0.821094 0.602083 0.085938 0.137500
0 0.673438 0.548958 0.053125 0.089583
0 0.960156 0.614583 0.079687 0.116667
