1 0.769109 0.576521 0.075562 0.052875
1 0.882789 0.602313 0.053297 0.096750
1 0.874078 0.908031 0.045562 0.096729
1 0.753633 0.713250 0.094922 0.065792
1 0.048875 0.572000 0.097750 0.072250
1 0.814148 0.638437 0.064828 0.104500
1 0.433883 0.457844 0.080391 0.081271
1 0.749766 0.102458 0.091031 0.123833
1 0.051258 0.675844 0.054266 0.078688
1 0.358422 0.707448 0.090062 0.082562
1 0.891500 0.517177 0.045562 0.070937
1 0.616258 0.667458 0.081359 0.074833
1 0.805391 0.272094 0.092000 0.107063
1 0.353102 0.510083 0.042672 0.056750
1 0.296992 0.522990 0.044609 0.051604
0 0.961719 0.591667 0.076563 0.137500
1 0.935031 0.314010 0.068781 0.131562
1 0.701875 0.527500 0.057188 0.058042
1 0.194922 0.522979 0.049437 0.069667
1 0.477430 0.596510 0.084266 0.056771
1 0.707195 0.606188 0.054266 0.091583
