1 0.957820 0.472219 0.080641 0.050604
1 0.879625 0.509875 0.037031 0.064208
1 0.846250 0.580802 0.076031 0.082854
1 0.800805 0.598990 0.081234 0.105979
0 0.896094 0.708333 0.104688 0.129167
1 0.049492 0.546917 0.056578 0.066667
1 0.971758 0.666604 0.054641 0.118625
1 0.319906 0.530250 0.045375 0.072833
1 0.650461 0.802469 0.056484 0.086438
1 0.790273 0.335802 0.078703 0.113562
1 0.921719 0.408021 0.082500 0.100000
1 0.414492 0.531302 0.050766 0.076437
1 0.739461 0.477083 0.060078 0.128000
1 0.367875 0.527677 0.044313 0.073854
1 0.857406 0.910490 0.087031 0.058021
1 0.818008 0.477156 0.080641 0.040729
