1 0.503977 0.509750 0.056484 0.060500
1 0.556258 0.529500 0.035297 0.070375
1 0.144727 0.546115 0.058328 0.074187
1 0.256297 0.955438 0.083344 0.080250
1 0.078008 0.604760 0.065828 0.075437
1 0.466016 0.922719 0.082406 0.061729
1 0.811805 0.883760 0.068609 0.065562
1 0.335930 0.961354 0.066672 0.077292
1 0.443336 0.517104 0.048141 0.060625
1 0.331766 0.450490 0.082406 0.095063
1 0.274766 0.534385 0.057500 0.092729
1 0.235469 0.296115 0.102781 0.087771
1 0.397937 0.739927 0.091312 0.070271
1 0.071570 0.533760 0.049078 0.064312
1 0.471992 0.636917 0.035266 0.112333
1 0.784648 0.298625 0.111703 0.123083
1 0.778516 0.648021 0.055562 0.100000
1 0.876203 0.907906 0.041656 0.071604
1 0.255727 0.424781 0.067391 0.116937
1 0.940555 0.700500 0.062953 0.076542
1 0.948422 0.610375 0.047219 0.086417
1 0.891945 0.653583 0.056484 0.096292
1 0.741477 0.541229 0.046297 0.096292
1 0.676203 0.635063 0.049063 0.111125
1 0.393328 0.627042 0.035188 0.117292
0 0.680469 0.529167 0.054688 0.079167
0 0.832812 0.534375 0.068750 0.093750
