1 0.804664 0.570406 0.047578 0.048479
1 0.850219 0.573094 0.061281 0.075354
1 0.725656 0.861771 0.083031 0.074167
1 0.779266 0.874667 0.048375 0.059125
1 0.196375 0.261896 0.109656 0.072125
0 0.975000 0.607292 0.050000 0.110417
1 0.830852 0.640844 0.072828 0.068813
1 0.638844 0.597146 0.061937 0.106958
1 0.708039 0.628562 0.050766 0.117958
1 0.248336 0.642677 0.052609 0.126646
1 0.760688 0.594750 0.060094 0.112000
1 0.320797 0.632781 0.070156 0.119396
1 0.985172 0.518323 0.029656 0.055896
1 0.950187 0.680635 0.077406 0.107479
