1 0.463414 0.490687 0.071078 0.081125
0 0.695312 0.515625 0.043750 0.047917
0 0.939844 0.528125 0.057813 0.085417
1 0.620797 0.728906 0.092313 0.060313
1 0.605148 0.397083 0.086859 0.093542
1 0.367922 0.244594 0.075781 0.140313
1 0.452797 0.373208 0.068312 0.131708
1 0.601922 0.515979 0.058250 0.080000
1 0.531117 0.335302 0.069766 0.104479
1 0.356484 0.562333 0.049437 0.068375
1 0.694164 0.449417 0.045516 0.079917
1 0.308602 0.113427 0.046547 0.153521
1 0.776852 0.465583 0.094922 0.055458
1 0.850859 0.544906 0.043625 0.079979
1 0.901172 0.545563 0.049438 0.086417
1 0.934594 0.701635 0.089000 0.078688
1 0.532086 0.450750 0.056203 0.098042
1 0.506445 0.572000 0.051359 0.098042
1 0.397125 0.116646 0.088125 0.121250
