1 0.840539 0.173792 0.054828 0.127917
0 0.764844 0.563542 0.085938 0.093750
0 0.824219 0.544792 0.067187 0.072917
0 0.946875 0.391667 0.075000 0.112500
0 0.805469 0.469792 0.101562 0.110417
1 0.718430 0.615604 0.054078 0.097833
1 0.481781 0.433396 0.051594 0.103208
1 0.553125 0.405979 0.084656 0.069875
1 0.879242 0.444156 0.046766 0.098896
1 0.925195 0.743521 0.088672 0.067708
1 0.422930 0.550573 0.066109 0.070938
1 0.114945 0.668281 0.053203 0.108562
1 0.497094 0.742448 0.061281 0.125771
1 0.691797 0.532781 0.047563 0.059229
1 0.630930 0.440385 0.074172 0.080604
1 0.494273 0.205510 0.089484 0.141896
