1 0.887141 0.248865 0.120063 0.143187
1 0.400516 0.528135 0.071687 0.079979
1 0.872633 0.464292 0.065891 0.091583
1 0.513266 0.507500 0.045469 0.067083
1 0.250070 0.530719 0.062984 0.085146
1 0.789430 0.548146 0.065891 0.094167
1 0.926812 0.800969 0.092969 0.086437
1 0.244266 0.755177 0.117156 0.074813
1 0.131070 0.214042 0.061047 0.143167
1 0.656453 0.207594 0.078375 0.119979
1 0.967977 0.453323 0.039672 0.085146
0 0.967187 0.535417 0.065625 0.070833
1 0.577070 0.525573 0.057172 0.079979
1 0.623023 0.692604 0.079422 0.127708
1 0.706711 0.513302 0.068797 0.045146
1 0.935508 0.622958 0.062016 0.096750
1 0.857148 0.591354 0.058141 0.118667
1 0.869727 0.896417 0.052328 0.089000
1 0.707727 0.901583 0.097703 0.047708
1 0.606625 0.889333 0.071594 0.085125
1 0.103875 0.518437 0.072000 0.112000
