1 0.347906 0.429312 0.075875 0.119333
1 0.815508 0.478760 0.071016 0.084938
1 0.779633 0.643771 0.073453 0.079542
1 0.724445 0.359437 0.103203 0.048375
1 0.717156 0.271292 0.071031 0.130083
1 0.672805 0.590500 0.059734 0.093625
1 0.708281 0.704448 0.069406 0.110812
1 0.025414 0.584052 0.048453 0.061396
0 0.913281 0.678125 0.095312 0.114583
0 0.913281 0.565625 0.085938 0.093750
0 0.767188 0.520833 0.040625 0.070833
0 0.720313 0.517708 0.050000 0.060417
1 0.813898 0.376635 0.079078 0.097812
1 0.358789 0.610927 0.081516 0.080729
1 0.271312 0.576052 0.083937 0.066646
1 0.118539 0.676010 0.089578 0.088146
1 0.597828 0.557229 0.058125 0.041917
1 0.535750 0.517948 0.043625 0.058146
1 0.512773 0.432000 0.065391 0.101042
1 0.478148 0.504031 0.044328 0.077396
