1 0.779168 0.914201 0.065273 0.154319
0 0.296484 0.448611 0.086719 0.086111
0 0.859375 0.461729 0.049312 0.074069
1 0.900313 0.620375 0.081313 0.144444
1 0.971180 0.504938 0.057641 0.135792
1 0.941977 0.358028 0.111875 0.128389
1 0.940590 0.273458 0.116039 0.181472
1 0.704863 0.547528 0.056945 0.171611
1 0.028473 0.702451 0.056945 0.165458
1 0.057605 0.314201 0.048680 0.129625
1 0.187812 0.434569 0.047984 0.158028
1 0.428438 0.482097 0.052844 0.129639
1 0.502430 0.819750 0.095141 0.116056
1 0.482930 0.608660 0.054922 0.145653
1 0.530867 0.579014 0.053547 0.158028
1 0.604828 0.514194 0.083406 0.102472
1 0.530523 0.458028 0.082016 0.083944
1 0.604102 0.644542 0.058844 0.162472
1 0.325480 0.673465 0.108070 0.183375
1 0.205676 0.602694 0.105227 0.130472
1 0.515477 0.930674 0.094859 0.109486
1 0.896637 0.818694 0.114852 0.176000
1 0.695484 0.855007 0.079609 0.174764
