1 0.044602 0.714667 0.089203 0.132750
1 0.129719 0.706135 0.073844 0.110771
1 0.431469 0.514594 0.048469 0.052896
1 0.495320 0.512667 0.050391 0.051583
1 0.570297 0.585552 0.066844 0.076104
1 0.906008 0.504927 0.066859 0.056771
1 0.722195 0.519760 0.039766 0.055479
1 0.365680 0.661656 0.058141 0.117396
1 0.279094 0.671333 0.045562 0.118667
1 0.825219 0.582969 0.071688 0.101896
1 0.834898 0.456552 0.063953 0.096729
0 0.664844 0.569792 0.089063 0.110417
1 0.686875 0.391406 0.075562 0.105771
1 0.692680 0.202437 0.079422 0.130292
