1 0.293109 0.544844 0.097844 0.113354
1 0.565508 0.955833 0.103391 0.088333
1 0.477336 0.650167 0.089703 0.131750
1 0.857195 0.662938 0.083203 0.060625
0 0.841406 0.569792 0.060937 0.118750
1 0.405344 0.311438 0.096844 0.085125
1 0.386531 0.203719 0.066750 0.117396
1 0.569336 0.621021 0.057172 0.110917
1 0.712516 0.479125 0.055250 0.095458
1 0.948094 0.522333 0.042656 0.065792
1 0.653984 0.343042 0.060094 0.119958
1 0.620125 0.574573 0.050406 0.108354
1 0.828609 0.352073 0.070719 0.107062
1 0.640445 0.088271 0.110391 0.085125
1 0.441633 0.475260 0.086203 0.049021
