1 0.885203 0.641656 0.052344 0.105771
1 0.847961 0.233396 0.101672 0.101917
1 0.954859 0.538469 0.071687 0.049021
1 0.787016 0.196625 0.097813 0.147042
1 0.957820 0.657135 0.079328 0.049021
1 0.294094 0.110854 0.114250 0.060625
1 0.186750 0.058604 0.094813 0.105792
1 0.174953 0.325208 0.120000 0.180917
1 0.396031 0.880906 0.069219 0.118146
1 0.357305 0.207677 0.102547 0.150146
1 0.643422 0.474135 0.085844 0.121854
1 0.537820 0.459979 0.086766 0.125542
1 0.624492 0.259979 0.103391 0.126750
0 0.885938 0.528125 0.075000 0.085417
