0 0.934375 0.534375 0.046875 0.056250
1 0.985969 0.546146 0.028063 0.068500
1 0.050000 0.516469 0.062000 0.047854
1 0.371734 0.416500 0.047406 0.111083
1 0.899906 0.259188 0.095875 0.092875
1 0.840898 0.374583 0.090078 0.099458
1 0.750969 0.481052 0.041594 0.110937
1 0.794461 0.519042 0.039766 0.063333
0 0.845734 0.527438 0.062969 0.074958
1 0.952641 0.604177 0.067812 0.081396
1 0.863148 0.657073 0.062984 0.112354
1 0.929469 0.829990 0.048375 0.114813
1 0.372219 0.955948 0.069656 0.088104
1 0.440906 0.907385 0.073531 0.101896
1 0.543883 0.503635 0.039766 0.052896
1 0.584086 0.617792 0.058047 0.103208
1 0.186078 0.432833 0.092406 0.125417
1 0.685922 0.497458 0.072844 0.136500
1 0.785109 0.628479 0.097844 0.093542
