1 0.714766 0.583271 0.063063 0.095167
1 0.329586 0.518458 0.051953 0.059375
1 0.931438 0.598094 0.085281 0.085312
1 0.764766 0.496906 0.064906 0.065437
1 0.526805 0.556729 0.051953 0.101375
0 0.892188 0.504167 0.050000 0.062500
0 0.853906 0.546875 0.035937 0.072917
1 0.793922 0.931833 0.065437 0.136333
1 0.670648 0.459979 0.108922 0.091083
1 0.581438 0.505490 0.040844 0.048271
1 0.644906 0.943833 0.076844 0.053083
1 0.818937 0.680802 0.082500 0.097646
1 0.698570 0.881427 0.056578 0.091479
1 0.638844 0.674021 0.057500 0.123583
1 0.862961 0.791979 0.068516 0.100000
