1 0.900414 0.858583 0.101016 0.060625
1 0.321758 0.644375 0.043516 0.113708
1 0.315742 0.543823 0.038891 0.075313
1 0.615742 0.959260 0.040734 0.081479
1 0.670828 0.948146 0.060187 0.093833
1 0.337914 0.923458 0.068609 0.088875
1 0.491156 0.541292 0.065844 0.090250
0 0.886719 0.514583 0.035937 0.041667
0 0.983594 0.543750 0.032813 0.066667
0 0.925781 0.704167 0.073438 0.129167
0 0.821875 0.554167 0.096875 0.091667
1 0.908336 0.954937 0.074078 0.090125
1 0.753664 0.497531 0.046391 0.039521
1 0.967594 0.184573 0.064813 0.112354
1 0.049531 0.784563 0.047219 0.127167
1 0.349492 0.557344 0.036203 0.077896
1 0.826344 0.245062 0.080656 0.114833
1 0.561109 0.924698 0.064813 0.091354
1 0.274688 0.590990 0.047906 0.131813
1 0.523922 0.797083 0.090375 0.125542
1 0.496648 0.378687 0.063703 0.120500
1 0.108539 0.578073 0.083172 0.105979
