1 0.569141 0.829160 0.096922 0.093542
1 0.548086 0.509715 0.071328 0.141681
1 0.198754 0.503007 0.085852 0.137847
1 0.181172 0.628556 0.110078 0.093500
1 0.291223 0.507924 0.097711 0.088625
0 0.471875 0.451389 0.070312 0.105556
1 0.890625 0.920986 0.110422 0.088889
1 0.476004 0.554257 0.054930 0.086542
1 0.096840 0.588889 0.054930 0.150611
1 0.028125 0.515368 0.056250 0.164319
1 0.030867 0.338889 0.052156 0.156778
1 0.418715 0.297535 0.120898 0.118514
1 0.775695 0.207410 0.100000 0.214819
1 0.911078 0.270368 0.118125 0.160486
1 0.788852 0.435806 0.093125 0.128389
1 0.839547 0.500556 0.068125 0.149500
1 0.920836 0.505556 0.087500 0.156778
1 0.769098 0.751236 0.065977 0.159250
1 0.246148 0.362965 0.049375 0.143208
1 0.312848 0.425313 0.050695 0.043208
1 0.651699 0.784507 0.095211 0.129764
1 0.680211 0.679632 0.106250 0.109875
