1 0.289250 0.516531 0.044594 0.049021
1 0.739125 0.591354 0.052344 0.090292
1 0.917180 0.592000 0.054172 0.094167
1 0.646727 0.925448 0.082328 0.069646
1 0.571266 0.220490 0.080406 0.114812
1 0.700906 0.140510 0.059125 0.143187
1 0.960672 0.674562 0.075563 0.063208
1 0.859570 0.588771 0.053297 0.098042
1 0.796734 0.737115 0.041594 0.123854
0 0.710938 0.512500 0.071875 0.050000
1 0.073023 0.527500 0.041703 0.065792
1 0.384547 0.163094 0.092000 0.118688
1 0.390836 0.518469 0.040734 0.065771
1 0.611906 0.534594 0.049437 0.085146
1 0.036266 0.370125 0.068781 0.130292
1 0.120914 0.597802 0.083297 0.072229
