1 0.386344 0.627302 0.072000 0.110646
1 0.870453 0.526208 0.069656 0.079958
1 0.663852 0.507510 0.076516 0.070937
1 0.165125 0.549427 0.071688 0.100604
1 0.549258 0.938344 0.044516 0.117396
1 0.537727 0.556531 0.066453 0.099562
1 0.449109 0.565146 0.064625 0.124417
1 0.620383 0.439667 0.067484 0.139083
1 0.882492 0.633208 0.086203 0.093000
1 0.849609 0.902229 0.093937 0.060625
1 0.879109 0.959563 0.098781 0.059458
0 0.660156 0.619792 0.073438 0.135417
1 0.830250 0.748719 0.049437 0.112229
1 0.777531 0.681010 0.048469 0.110937
